954
37
-533
679
-984
301
35
892
-517
-733
985
-959
537
873
-599
309
547
953
-39
819
-703
-107
-941
-498
449
654
114
739
275
376
261
-792
281
-232
609
-568
478
851
-469
-42
324
-87
349
-75
226
471
478
798
434
110
521
721
110
-253
-216
-292
893
313
515
472
684
-862
-819
-999
-215
566
-892
648
990
-850
-819
-658
173
-922
336
-613
-681
871
-55
981
-920
100
-950
-745
-680
627
439
588
-678
-614
907
179
474
418
836
-32
-310
-275
-959
958
-939
441
-644
593
388
-287
516
-444
262
-360
-412
-783
-485
-256
970
709
245
-867
-117
-762
-974
101
727
-737
687
543
-580
-980
695
-731
-505
791
-542
183
-232
237
-807
581
818
273
-603
-598
485
830
281
300
641
-198
78
581
777
-632
833
-383
904
-110
133
-422
984
-854
-647
726
906
203
-559
-664
493
-870
811
-87
286
880
-191
-856
-563
160
209
822
644
23
5
320
-70
-263
608
455
834
822
-758
-409
-93
33
853
373
32
-747
774
-388
839
359
-725
-671
-589
58
782
-900
735
662
-479
77
-535
977
948
610
-129
-594
-16
982
-362
700
258
-221
-509
806
-377
-580
-820
301
-646
-820
675
-602
-319
75
-924
707
-311
483
629
715
-241
-937
-706
-804
-112
-302
-93
-14
-418
-209
517
-775
-142
655
-106
731
-994
814
748
-997
828
-724
-247
-324
-664
-912
156
-1000
-721
-705
560
951
-44
360
-452
554
325
-927
-50
101
-995
-749
260
-51
-566
861
860
-409
509
-287
-9
345
718
-294
728
-282
-337
-613
-205
18
-942
341
555
266
539
-22
-384
21
-6
-35
604
908
424
-4
-171
-71
200
863
-441
-901
-803
-175
74
843
115
-372
103
-990
-1
-664
-164
-731
-786
370
754
723
-877
214
-870
955
-841
405
729
809
671
188
475
887
294
-191
-992
-311
-976
-600
-722
-841
16
597
-476
-938
-721
68
-746
944
-213
847
-496
-502
-708
643
-75
-122
562
936
-175
-934
-447
317
-515
590
-529
47
235
492
672
-272
264
114
602
30
672
-585
895
464
855
646
945
844
607
578
761
-984
942
-41
-520
-712
-952
-692
423
-506
443
-170
-534
-29
-410
-600
-526
-969
-930
378
-133
-179
69
-976
894
488
-122
480
-213
-484
491
-78
522
-359
-542
-242
-368
962
563
-586
67
68
595
677
-171
-337
625
-37
-531
-692
442
55
966
479
-855
821
-355
181
-439
147
-72
-505
-454
-183
13
375
-985
882
-398
884
525
62
955
787
-310
566
420
-509
-950
-418
41
-697
545
670
818
-306
64
-302
730
-932
136
-600
-718
761
-800
-265
-236
929
-198
634
953
835
327
807
307
586
574
828
16
408
-86
171
-746
853
763
66
